200 100
              precision    recall  f1-score   support

           1       1.00      0.86      0.92       812
           2       1.00      0.03      0.06       812
           3       0.46      0.15      0.23       812
           4       1.00      0.33      0.49       812
           5       0.92      0.97      0.94       812
           6       0.20      0.00      0.00       812
           7       0.50      0.21      0.30       812
           8       0.20      1.00      0.33       812

   micro avg       0.44      0.44      0.44      6496
   macro avg       0.66      0.44      0.41      6496
weighted avg       0.66      0.44      0.41      6496
--- 382.74204325675964 seconds ---
